200
500.00
501.13
502.89
501.74
503.52
505.31
504.18
506.02
507.84
506.71
508.59
510.44
509.33
511.24
513.12
512.03
513.96
515.87
514.80
516.76
518.69
517.64
519.63
521.59
520.56
522.57
524.55
523.54
525.56
527.55
526.56
528.59
530.59
529.62
531.66
533.67
532.72
534.77
536.79
535.86
537.92
539.95
539.04
541.10
543.14
542.25
544.32
546.37
545.50
547.59
549.65
548.80
550.92
553.01
552.18
554.30
556.40
555.59
557.73
559.85
559.06
561.22
563.36
562.59
564.77
566.92
566.17
568.35
570.51
569.78
571.98
574.16
573.45
575.67
577.87
577.18
579.41
581.62
580.95
583.20
585.43
584.78
587.05
589.30
588.67
590.96
593.23
592.62
594.93
597.22
596.63
598.95
601.25
600.68
603.01
605.32
604.77
607.12
609.45
608.92
611.29
613.64
613.13
615.52
617.89
617.40
619.81
622.20
621.73
624.15
626.55
626.10
628.54
630.96
630.53
632.99
635.43
635.02
637.49
639.94
639.55
642.04
644.51
644.14
646.65
649.14
648.79
651.31
653.81
653.48
656.02
658.54
658.23
660.79
663.33
663.04
665.61
668.16
667.89
670.48
673.05
672.80
675.41
677.99
677.76
680.39
682.99
682.79
685.44
688.06
687.88
690.55
693.19
693.03
695.73
698.40
698.26
700.98
703.68
703.56
706.29
709.00
708.90
711.65
714.38
714.30
717.07
719.82
719.76
722.55
725.32
725.28
728.09
730.88
730.86
733.69
736.50
736.50
739.35
742.18
742.20
745.07
747.92
747.96
750.86
753.73
753.79
756.71
759.61
759.69
762.64
765.56
765.66
768.63
771.58
771.70
774.69
777.66
777.80
780.81